3,2
3,1
3,3
10,140
10,270
10,160
10,178
10,10
10,122
10,2
10,3
11,15
11,24
11,27
9,7
9,3
8,11
52,3
52,2
52,1
52,0
43,3
43,1
41,3
41,1
20,3
20,2
20,1
19,3
19,2
19,1
12,3
12,2
12,1
11,28
11,26
11,25
11,23
11,22
11,21
11,20
11,19
11,18
11,17
11,16
11,14
11,13
11,12
11,11
11,10
11,9
11,8
11,7
11,6
11,5
11,3
11,2
11,1
10,300
10,296
10,289
10,288
10,281
10,274
10,266
10,264
10,263
10,262
10,261
10,260
10,256
10,253
10,252
10,243
10,238
10,232
10,218
10,212
10,205
10,194
10,192
10,187
10,182
10,180
10,177
10,172
18,1
18,3
14,1
14,3
13,1
13,3
